Open,High,Low,Close,Adj Close,Volume
166.83999633789062,168.4499969482422,166.08999633789062,167.6199951171875,167.6199951171875,35887633
167.6199951171875,170.1999969482422,167.61000061035156,169.8448028564453,169.8448028564453,23651425
169.85000610351562,170.00999450683594,169.07989501953125,169.89999389648438,169.89999389648438,14995901
169.89999389648438,170.3000030517578,168.4600067138672,169.36990356445312,169.36990356445312,16367440
169.35499572753906,169.35499572753906,167.00999450683594,167.94000244140625,167.94000244140625,15632233
167.92999267578125,168.2100067138672,164.77000427246094,165.57000732421875,165.57000732421875,17054384
165.55999755859375,166.88999938964844,164.52999877929688,164.6699981689453,164.6699981689453,15502145
159.0,161.58999633789062,158.99000549316406,160.14010620117188,160.14010620117188,43178629
160.14999389648438,162.1300048828125,159.02999877929688,161.96499633789062,161.96499633789062,19520876
161.97000122070312,163.6999969482422,160.9499969482422,163.42999267578125,163.42999267578125,16610759
163.4250030517578,163.64999389648438,162.55999755859375,162.83999633789062,162.83999633789062,13527840
162.85000610351562,163.97999572753906,162.5399932861328,163.77999877929688,163.77999877929688,11503150
163.77000427246094,163.9698944091797,162.92999267578125,163.4600067138672,163.4600067138672,10432352
163.4499969482422,164.1999969482422,163.1300048828125,163.7899932861328,163.7899932861328,10656094
164.02000427246094,164.9600067138672,161.8000030517578,163.68499755859375,163.68499755859375,26568718
163.6699981689453,163.72999572753906,161.60000610351562,162.42999267578125,162.42999267578125,16136375
162.4250030517578,162.60000610351562,160.50999450683594,161.44000244140625,161.44000244140625,15347367
161.44000244140625,162.41000366210938,160.75,160.85000610351562,160.85000610351562,10155450
160.83999633789062,160.85000610351562,159.75,160.47999572753906,160.47999572753906,12794260
160.47999572753906,160.67999267578125,159.72000122070312,160.3800048828125,160.3800048828125,10973393
160.3699951171875,162.17999267578125,160.25,161.85000610351562,161.85000610351562,11561561
165.30999755859375,167.87989807128906,164.3300018310547,165.94000244140625,165.94000244140625,39374425
165.92999267578125,166.64999389648438,164.90280151367188,165.25999450683594,165.25999450683594,12707531
165.27000427246094,166.3800048828125,165.07000732421875,166.25,166.25,8634845
166.25,166.44000244140625,165.57000732421875,166.27000427246094,166.27000427246094,7754158
166.27999877929688,166.5,165.47000122070312,165.7301025390625,165.7301025390625,6963302
165.73460388183594,165.84500122070312,164.99000549316406,165.35009765625,165.35009765625,7385627
165.35519409179688,165.66000366210938,165.0500030517578,165.2899932861328,165.2899932861328,8126152
169.0800018310547,170.9499969482422,168.33999633789062,170.38999938964844,170.38999938964844,32939027
170.39999389648438,171.27999877929688,170.27999877929688,170.58819580078125,170.58819580078125,14991250
170.5850067138672,171.5767059326172,170.47999572753906,171.5124969482422,171.5124969482422,12120043
171.52000427246094,171.5800018310547,170.63499450683594,170.86000061035156,170.86000061035156,8415694
170.8699951171875,170.9149932861328,169.6999969482422,169.92849731445312,169.92849731445312,9378335
169.92999267578125,170.3350067138672,169.4499969482422,170.11000061035156,170.11000061035156,9385525
170.10499572753906,171.27000427246094,169.9123992919922,171.2100067138672,171.2100067138672,15309660
172.125,174.44000244140625,170.6999969482422,173.80499267578125,173.80499267578125,35409703
173.80999755859375,174.74000549316406,173.27000427246094,174.3699951171875,174.3699951171875,17046889
174.3699951171875,174.8699951171875,173.75,173.94000244140625,173.94000244140625,11881029
173.94000244140625,174.61000061035156,173.9333038330078,174.27000427246094,174.27000427246094,6821834
174.26499938964844,175.9600067138672,174.07260131835938,175.7100067138672,175.7100067138672,12324024
175.7008056640625,175.9199981689453,174.0500030517578,174.35000610351562,174.35000610351562,12388986
174.35000610351562,175.27999877929688,174.0500030517578,175.00999450683594,175.00999450683594,10466467
174.91000366210938,176.72999572753906,173.9199981689453,174.0399932861328,174.0399932861328,30419052
174.03500366210938,176.1999969482422,173.9600067138672,175.59030151367188,175.59030151367188,18491562
175.59779357910156,175.7050018310547,174.47999572753906,175.11500549316406,175.11500549316406,10678494
175.1199951171875,175.89999389648438,174.9600067138672,175.32000732421875,175.32000732421875,8995599
175.32000732421875,175.9600067138672,175.13059997558594,175.6999969482422,175.6999969482422,8615286
175.69000244140625,175.7949981689453,174.57000732421875,174.94000244140625,174.94000244140625,10075652
174.94000244140625,175.34500122070312,174.19000244140625,174.6199951171875,174.6199951171875,10185873
175.2050018310547,176.9499969482422,174.69000244140625,176.91000366210938,176.91000366210938,27767650
176.91099548339844,176.99000549316406,175.39999389648438,176.30499267578125,176.30499267578125,14822791
176.30499267578125,177.17999267578125,175.73370361328125,176.9499969482422,176.9499969482422,11853609
176.97000122070312,177.6649932861328,176.63999938964844,177.6199951171875,177.6199951171875,10372634
177.610107421875,177.8800048828125,177.3300018310547,177.8300018310547,177.8300018310547,8597330
177.83839416503906,178.1999969482422,177.61000061035156,177.9250030517578,177.9250030517578,14462141
177.9199981689453,179.6300048828125,177.90379333496094,179.5,179.5,15307986
181.47000122070312,182.1300048828125,178.32000732421875,178.95970153808594,178.95970153808594,43507773
178.94500732421875,180.1699981689453,177.75999450683594,177.9600067138672,177.9600067138672,25364503
177.9499969482422,179.1300048828125,177.11000061035156,179.08999633789062,179.08999633789062,17952882
179.09500122070312,179.41000366210938,177.75999450683594,177.77000427246094,177.77000427246094,11268936
177.77000427246094,178.63999938964844,177.33999633789062,178.2550048828125,178.2550048828125,11092338
178.25,178.86000061035156,177.17999267578125,177.19020080566406,177.19020080566406,10811796
177.19000244140625,177.82000732421875,175.52999877929688,175.80999755859375,175.80999755859375,16528119
175.25,177.74000549316406,174.25,174.50999450683594,174.50999450683594,33945965
174.5,175.0800018310547,172.38999938964844,173.49000549316406,173.49000549316406,21365146
173.5,173.60000610351562,172.2100067138672,172.55999755859375,172.55999755859375,11763175
172.55499267578125,174.07000732421875,172.47000122070312,173.65499877929688,173.65499877929688,12132696
173.65159606933594,174.5500030517578,173.0800018310547,174.1699981689453,174.1699981689453,8718249
174.17849731445312,175.5,174.05999755859375,175.37069702148438,175.37069702148438,10786711
175.3699951171875,175.61000061035156,173.77000427246094,174.33999633789062,174.33999633789062,13315672
175.11000061035156,175.84939575195312,172.91000366210938,173.6649932861328,173.6649932861328,23011905
173.66000366210938,174.41000366210938,172.9499969482422,173.18499755859375,173.18499755859375,9540399
173.17999267578125,173.2100067138672,172.31080627441406,173.0428924560547,173.0428924560547,10161730
173.0500030517578,173.82000732421875,172.75999450683594,173.5572967529297,173.5572967529297,8208057
173.5500030517578,176.77000427246094,172.39999389648438,176.1699981689453,176.1699981689453,20679283
176.17999267578125,179.33859252929688,175.69000244140625,178.75999450683594,178.75999450683594,27780935
178.75,179.5,178.07000732421875,179.30999755859375,179.30999755859375,13208465
179.08999633789062,181.13999938964844,174.52999877929688,175.94000244140625,175.94000244140625,40639303
175.93499755859375,176.57000732421875,174.24000549316406,175.14999389648438,175.14999389648438,16989705
175.14500427246094,175.47000122070312,174.47000122070312,174.55760192871094,174.55760192871094,12828170
174.5500030517578,174.8300018310547,173.1199951171875,174.0388946533203,174.0388946533203,13263904
174.03289794921875,174.44000244140625,171.5800018310547,172.0800018310547,172.0800018310547,14926686
172.08999633789062,172.7593994140625,170.75,171.94000244140625,171.94000244140625,21405215
171.94500732421875,173.3300018310547,171.90499877929688,172.25,172.25,18247985
169.92999267578125,173.07000732421875,169.69000244140625,170.36000061035156,170.36000061035156,42103285
170.33999633789062,173.47000122070312,170.05999755859375,173.13499450683594,173.13499450683594,18603947
173.1199951171875,173.24000549316406,169.86000061035156,170.7458038330078,170.7458038330078,21499172
170.72999572753906,171.97000122070312,170.2799072265625,171.89999389648438,171.89999389648438,12872541
171.908203125,172.72999572753906,171.14999389648438,171.85000610351562,171.85000610351562,13372937
171.84280395507812,173.08999633789062,171.5850067138672,171.73500061035156,171.73500061035156,13088389
171.72999572753906,171.83999633789062,170.5,170.86000061035156,170.86000061035156,14877576
167.81289672851562,169.9499969482422,167.7200927734375,167.94500732421875,167.94500732421875,26790703
167.94000244140625,169.14840698242188,167.7301025390625,168.72999572753906,168.72999572753906,14012592
168.72999572753906,170.5800018310547,168.30999755859375,170.10499572753906,170.10499572753906,12464735
170.10000610351562,170.13499450683594,168.82000732421875,169.42160034179688,169.42160034179688,9234913
169.42100524902344,170.2899932861328,169.18499755859375,169.59840393066406,169.59840393066406,9490330
169.58999633789062,170.42999267578125,169.36000061035156,169.77999877929688,169.77999877929688,9268551
169.77000427246094,170.19000244140625,169.08999633789062,169.91000366210938,169.91000366210938,10243967
171.55499267578125,172.32000732421875,169.35000610351562,169.57290649414062,169.57290649414062,21794239
169.5850067138672,170.6999969482422,169.1199951171875,170.29910278320312,170.29910278320312,10926527
170.3000030517578,171.5399932861328,170.13999938964844,171.48500061035156,171.48500061035156,9628582
171.49000549316406,171.52999877929688,170.66000366210938,170.96119689941406,170.96119689941406,7513019
170.97509765625,172.08999633789062,170.80999755859375,172.0800018310547,172.0800018310547,8356597
172.0800018310547,173.0399932861328,172.02000427246094,172.57699584960938,172.57699584960938,11188689
172.5749969482422,173.1999969482422,172.1909942626953,172.97999572753906,172.97999572753906,8215582
173.0399932861328,174.16000366210938,172.14999389648438,173.625,173.625,21354529
173.6300048828125,174.52499389648438,173.54010009765625,173.85960388183594,173.85960388183594,13553446
173.85499572753906,174.61000061035156,173.61000061035156,174.3699951171875,174.3699951171875,9178905
174.37759399414062,174.75,174.13999938964844,174.2100067138672,174.2100067138672,6241142
174.19500732421875,174.44000244140625,173.6199951171875,173.71029663085938,173.71029663085938,6168983
173.72000122070312,175.02999877929688,173.47999572753906,174.9250030517578,174.9250030517578,10815989
174.9149932861328,175.86000061035156,174.75999450683594,175.6300048828125,175.6300048828125,9538524
175.85000610351562,176.4499969482422,175.27000427246094,176.44129943847656,176.44129943847656,17847364
176.4499969482422,176.5399932861328,175.6699981689453,175.71609497070312,175.71609497070312,8233006
175.72000122070312,176.24000549316406,175.7100067138672,175.9822998046875,175.9822998046875,7640448
175.9884033203125,176.33999633789062,175.7949981689453,176.19000244140625,176.19000244140625,5620452
176.19000244140625,176.27999877929688,175.75999450683594,176.05999755859375,176.05999755859375,5111011
176.05999755859375,176.6414031982422,175.9521942138672,176.21499633789062,176.21499633789062,7092348
176.2100067138672,176.8498992919922,175.97000122070312,176.2899932861328,176.2899932861328,8565947
177.0850067138672,178.47000122070312,177.07000732421875,177.6199951171875,177.6199951171875,17644233
177.61500549316406,178.8699951171875,177.49200439453125,178.72500610351562,178.72500610351562,9722024
178.72999572753906,179.3300018310547,178.42999267578125,179.32220458984375,179.32220458984375,7597198
179.32009887695312,179.6649932861328,178.92999267578125,179.60009765625,179.60009765625,6958511
179.60580444335938,180.22999572753906,179.58999633789062,180.125,180.125,8246181
180.12489318847656,180.13499450683594,179.53500366210938,179.91000366210938,179.91000366210938,7847404
179.91000366210938,180.4199981689453,179.77999877929688,180.3300018310547,180.3300018310547,8154399
180.16000366210938,180.42999267578125,178.52999877929688,179.2097930908203,179.2097930908203,19770243
179.2050018310547,181.3300018310547,179.0399932861328,179.97999572753906,179.97999572753906,14168883
179.99000549316406,180.66000366210938,179.69009399414062,179.75999450683594,179.75999450683594,9605610
179.76739501953125,179.99000549316406,179.27999877929688,179.94769287109375,179.94769287109375,8336339
179.94000244140625,180.02999877929688,179.07000732421875,179.38999938964844,179.38999938964844,7003489
179.38999938964844,179.64500427246094,179.16000366210938,179.30499267578125,179.30499267578125,6113203
179.3000030517578,179.82000732421875,179.13999938964844,179.38999938964844,179.38999938964844,7977605
179.3300018310547,180.6300048828125,178.13999938964844,179.19219970703125,179.19219970703125,18912340
179.19000244140625,179.94000244140625,178.82000732421875,179.27000427246094,179.27000427246094,8613773
179.27000427246094,179.5399932861328,178.6750030517578,178.87350463867188,178.87350463867188,7038988
178.88999938964844,179.47450256347656,178.81149291992188,179.09779357910156,179.09779357910156,4667250
179.10000610351562,179.50999450683594,178.97999572753906,179.4174041748047,179.4174041748047,4475221
179.41720581054688,179.67999267578125,179.30999755859375,179.47140502929688,179.47140502929688,6111571
179.47000122070312,179.8000030517578,179.35000610351562,179.3800048828125,179.3800048828125,6023253
179.47000122070312,180.57000732421875,178.88999938964844,180.3175048828125,180.3175048828125,16068547
180.30999755859375,180.39999389648438,179.75,180.0157928466797,180.0157928466797,8769713
180.01890563964844,180.02000427246094,179.52999877929688,179.7158966064453,179.7158966064453,5730344
179.72000122070312,179.88999938964844,179.2801055908203,179.35150146484375,179.35150146484375,5345801
179.3520965576172,179.4199981689453,178.66000366210938,178.97500610351562,178.97500610351562,6403856
178.97000122070312,179.3480987548828,178.82000732421875,178.9600067138672,178.9600067138672,5491950
178.96009826660156,179.0399932861328,178.08999633789062,178.25,178.25,8005903
178.75,179.22999572753906,177.32000732421875,178.26019287109375,178.26019287109375,12647219
178.25999450683594,178.47999572753906,177.89999389648438,178.36000061035156,178.36000061035156,6323232
178.35499572753906,178.39990234375,177.25999450683594,177.50999450683594,177.50999450683594,5569354
177.52000427246094,177.8000030517578,177.41000366210938,177.6300048828125,177.6300048828125,4919931
177.6199951171875,177.91000366210938,177.2899932861328,177.39999389648438,177.39999389648438,5318300
177.39500427246094,177.89999389648438,177.3800048828125,177.84500122070312,177.84500122070312,8925144
177.83999633789062,178.27000427246094,177.44000244140625,177.61000061035156,177.61000061035156,9388643
177.8300018310547,181.42999267578125,177.7100067138672,180.83999633789062,180.83999633789062,25170269
180.85000610351562,181.77000427246094,180.38999938964844,181.74989318847656,181.74989318847656,11976542
181.75,181.77000427246094,181.0749969482422,181.60000610351562,181.60000610351562,8143152
181.59500122070312,182.2790069580078,181.49000549316406,182.22970581054688,182.22970581054688,8407914
182.22500610351562,182.8800048828125,181.80999755859375,181.86500549316406,181.86500549316406,11618629
181.86000061035156,182.2899932861328,181.66000366210938,182.14500427246094,182.14500427246094,7902094
182.14999389648438,182.14999389648438,181.19500732421875,182.0,182.0,10255091
182.6300048828125,182.94000244140625,181.49000549316406,182.25,182.25,23110849
182.39990234375,182.67990112304688,179.47000122070312,179.94000244140625,179.94000244140625,18656277
179.94000244140625,180.3699951171875,179.1999969482422,180.02999877929688,180.02999877929688,10817169
180.02000427246094,180.0500030517578,179.22000122070312,179.5,179.5,8383086
179.5,179.75,179.1199951171875,179.4969940185547,179.4969940185547,6667826
179.49000549316406,180.5,179.47999572753906,180.11000061035156,180.11000061035156,8899951
180.11000061035156,180.47999572753906,179.6199951171875,179.66000366210938,179.66000366210938,7054483
179.63330078125,180.14999389648438,177.55999755859375,178.92999267578125,178.92999267578125,18608209
178.9199981689453,179.3300018310547,178.10000610351562,179.30499267578125,179.30499267578125,7630022
179.30999755859375,179.43099975585938,178.55999755859375,179.1300048828125,179.1300048828125,6959782
179.1199951171875,179.12989807128906,177.6699981689453,178.27000427246094,178.27000427246094,8111610
178.27000427246094,178.72000122070312,176.89999389648438,177.08999633789062,177.08999633789062,10048972
177.08999633789062,177.39999389648438,175.25999450683594,176.34030151367188,176.34030151367188,16263138
176.35000610351562,176.83999633789062,174.63999938964844,174.8350067138672,174.8350067138672,14986383
173.06640625,175.3000030517578,172.1699981689453,173.52000427246094,173.52000427246094,28659750
173.50999450683594,174.3000030517578,172.96910095214844,173.1999969482422,173.1999969482422,13754005
173.1999969482422,173.41000366210938,172.5800018310547,173.0345001220703,173.0345001220703,8887889
173.02999877929688,173.66000366210938,172.69320678710938,172.77000427246094,172.77000427246094,7258642
172.77000427246094,173.7100067138672,172.72000122070312,172.97000122070312,172.97000122070312,6908768
172.9600067138672,173.3800048828125,172.3000030517578,172.5740966796875,172.5740966796875,8410552
172.57000732421875,172.7050018310547,171.63999938964844,172.00999450683594,172.00999450683594,10607468
172.75,174.13999938964844,171.5,172.18499755859375,172.18499755859375,21573574
172.19729614257812,172.58999633789062,171.0500030517578,171.77999877929688,171.77999877929688,11569231
171.77999877929688,172.72000122070312,171.5749969482422,172.1999969482422,172.1999969482422,8028952
172.19000244140625,172.60000610351562,171.75999450683594,172.1699981689453,172.1699981689453,10650087
172.16000366210938,172.5500030517578,171.8699951171875,172.1300048828125,172.1300048828125,6750469
172.1199951171875,173.68809509277344,172.05999755859375,173.02000427246094,173.02000427246094,8653208
173.02000427246094,173.25999450683594,171.89999389648438,172.25,172.25,8297866
170.5,171.1999969482422,168.3699951171875,168.72999572753906,168.72999572753906,28425994
168.7100067138672,170.02000427246094,168.1699981689453,169.9250030517578,169.9250030517578,13370002
169.92999267578125,169.92999267578125,168.2899932861328,168.9167022705078,168.9167022705078,9475502
168.89999389648438,170.75,168.74000549316406,170.6199951171875,170.6199951171875,9891013
170.61000061035156,171.66000366210938,170.44000244140625,170.7949981689453,170.7949981689453,9783811
170.80999755859375,171.1761932373047,169.9700927734375,170.58999633789062,170.58999633789062,9748679
170.58999633789062,172.5,170.3800048828125,172.16000366210938,172.16000366210938,10631684
172.5,172.6999969482422,170.82000732421875,172.1999969482422,172.1999969482422,17319103
172.21499633789062,174.1199951171875,170.97000122070312,174.07339477539062,174.07339477539062,13640451
174.06500244140625,175.03500366210938,173.7899932861328,174.0,174.0,11239110
174.00999450683594,174.77000427246094,172.58999633789062,174.44500732421875,174.44500732421875,5906445
174.44000244140625,174.55999755859375,173.8699951171875,174.4600067138672,174.4600067138672,4852878
174.46499633789062,175.11990356445312,174.2100067138672,174.8302001953125,174.8302001953125,7822768
174.83999633789062,175.17999267578125,174.39999389648438,175.08999633789062,175.08999633789062,7826037
176.1199951171875,177.17999267578125,175.3000030517578,176.75999450683594,176.75999450683594,20311900
176.74850463867188,176.83999633789062,174.82000732421875,175.63999938964844,175.63999938964844,12908456
175.63999938964844,176.2550048828125,175.30999755859375,175.7790069580078,175.7790069580078,7830530
175.77999877929688,176.38999938964844,175.57000732421875,175.68499755859375,175.68499755859375,6481815
175.68499755859375,176.02999877929688,175.22000122070312,175.6999969482422,175.6999969482422,5962562
175.69500732421875,175.7440948486328,175.0800018310547,175.4600067138672,175.4600067138672,5971923
175.4499969482422,175.94000244140625,175.14999389648438,175.61000061035156,175.61000061035156,7029706
175.77999877929688,176.6199951171875,174.8800048828125,175.5800018310547,175.5800018310547,16511085
175.57000732421875,175.75,174.52999877929688,175.05999755859375,175.05999755859375,11561290
175.0449981689453,175.5449981689453,173.47999572753906,173.61000061035156,173.61000061035156,9552329
173.61000061035156,173.9199981689453,172.82000732421875,173.56719970703125,173.56719970703125,8764407
173.5500030517578,174.1999969482422,173.3000030517578,173.5500030517578,173.5500030517578,6510770
173.5500030517578,173.72999572753906,172.6699981689453,173.23989868164062,173.23989868164062,8228842
173.22999572753906,173.52999877929688,171.7899932861328,172.32000732421875,172.32000732421875,10966892
171.33999633789062,173.77999877929688,171.27999877929688,172.69500732421875,172.69500732421875,21275052
172.6981964111328,172.8699951171875,171.25999450683594,171.7100067138672,171.7100067138672,12294932
171.6999969482422,172.94000244140625,171.55499267578125,172.1199951171875,172.1199951171875,7594772
172.10699462890625,172.4600067138672,171.08999633789062,171.38999938964844,171.38999938964844,7075833
171.38999938964844,172.52000427246094,171.11000061035156,171.92999267578125,171.92999267578125,7422004
171.92999267578125,172.85000610351562,171.88999938964844,172.4949951171875,172.4949951171875,7160640
172.5,173.27999877929688,172.5,173.07000732421875,173.07000732421875,7224534
172.0,172.5399932861328,170.58999633789062,172.30999755859375,172.30999755859375,22062958
172.32000732421875,172.32000732421875,170.5,170.5699005126953,170.5699005126953,9238499
170.55999755859375,171.27999877929688,169.77999877929688,170.0,170.0,9246497
169.9949951171875,170.14999389648438,169.57000732421875,169.7550048828125,169.7550048828125,7831290
169.75,170.531005859375,169.68499755859375,170.16000366210938,170.16000366210938,8604513
170.14999389648438,170.7899932861328,169.83999633789062,170.33999633789062,170.33999633789062,8120734
170.33999633789062,170.52000427246094,169.40499877929688,169.8300018310547,169.8300018310547,10474142
170.0,171.0800018310547,169.27999877929688,169.8699951171875,169.8699951171875,18396939
169.88999938964844,170.0399932861328,167.5399932861328,167.77999877929688,167.77999877929688,14860655
167.7917022705078,169.6199951171875,167.32000732421875,169.0399932861328,169.0399932861328,10965653
169.06500244140625,169.4499969482422,168.6300048828125,168.810302734375,168.810302734375,8382364
168.80999755859375,169.02999877929688,167.6199951171875,167.64999389648438,167.64999389648438,8170637
167.64500427246094,168.2698974609375,167.49000549316406,167.50999450683594,167.50999450683594,9608358
167.50999450683594,167.6750030517578,165.94000244140625,166.2100067138672,166.2100067138672,11955031
166.97999572753906,169.33999633789062,166.75999450683594,169.22999572753906,169.22999572753906,19181838
169.23989868164062,169.67999267578125,168.94000244140625,169.35000610351562,169.35000610351562,9252283
169.36000061035156,169.47999572753906,168.77999877929688,169.10000610351562,169.10000610351562,8884453
169.0749969482422,169.22000122070312,167.60000610351562,167.60000610351562,167.60000610351562,7758353
167.61000061035156,167.91000366210938,166.4600067138672,166.64010620117188,166.64010620117188,9169710
166.64739990234375,166.97000122070312,165.64999389648438,165.84500122070312,165.84500122070312,11023737
165.83999633789062,165.97000122070312,164.17999267578125,164.52000427246094,164.52000427246094,13853049
165.25,166.0,162.9600067138672,164.30999755859375,164.30999755859375,31999590
164.30999755859375,166.3300018310547,164.1300048828125,165.9499969482422,165.9499969482422,18035339
165.94000244140625,165.9499969482422,163.52000427246094,163.72999572753906,163.72999572753906,12105168
163.72999572753906,164.77999877929688,163.25,163.75,163.75,9761248
163.75,164.52999877929688,163.3000030517578,163.3699951171875,163.3699951171875,9826783
163.36500549316406,163.9199981689453,162.40499877929688,162.86000061035156,162.86000061035156,14436018
162.86000061035156,163.88499450683594,162.3000030517578,162.3300018310547,162.3300018310547,14313050
160.02000427246094,161.0800018310547,158.07000732421875,158.89999389648438,158.89999389648438,40000130
158.90029907226562,159.39999389648438,157.5800018310547,158.35000610351562,158.35000610351562,18589603
158.36000061035156,158.5,154.6999969482422,155.64999389648438,155.64999389648438,23957771
155.63999938964844,158.33990478515625,155.27000427246094,157.02999877929688,157.02999877929688,17701094
157.031005859375,159.5800018310547,156.9600067138672,157.1999969482422,157.1999969482422,15330958
157.19000244140625,159.1699981689453,156.02000427246094,158.5,158.5,14633362
158.5,162.3000030517578,158.02999877929688,162.1300048828125,162.1300048828125,14928034
158.97999572753906,159.75,157.02000427246094,158.80999755859375,158.80999755859375,23057006
158.8199005126953,159.7899932861328,157.80999755859375,158.5800018310547,158.5800018310547,13075597
158.58999633789062,158.9600067138672,157.13499450683594,158.67999267578125,158.67999267578125,11024230
158.67999267578125,159.47999572753906,157.61990356445312,159.3874053955078,159.3874053955078,8577293
159.3800048828125,161.77999877929688,159.2510986328125,161.72000122070312,161.72000122070312,12583480
161.7100067138672,162.75999450683594,160.44000244140625,160.6699981689453,160.6699981689453,14286579
160.6649932861328,161.5,159.38999938964844,159.8800048828125,159.8800048828125,11778148
163.5,163.6300048828125,161.5,161.75999450683594,161.75999450683594,21024710
161.75869750976562,162.89999389648438,161.36000061035156,162.6999969482422,162.6999969482422,11087191
162.7100067138672,163.14999389648438,162.42999267578125,162.92999267578125,162.92999267578125,7462794
162.93960571289062,163.54989624023438,162.57000732421875,162.87379455566406,162.87379455566406,8522871
162.86000061035156,164.389404296875,161.92999267578125,163.0800018310547,163.0800018310547,13035854
163.0800018310547,163.5,157.82000732421875,159.60000610351562,159.60000610351562,21839260
159.58999633789062,160.2449951171875,158.1699981689453,159.75,159.75,12649188
162.4499969482422,163.83999633789062,161.6999969482422,162.61000061035156,162.61000061035156,22055743
162.58999633789062,163.38999938964844,161.67999267578125,162.3300018310547,162.3300018310547,12959035
162.33999633789062,163.35000610351562,160.9600067138672,161.1446075439453,161.1446075439453,11838250
161.13999938964844,161.35000610351562,158.58999633789062,158.77999877929688,158.77999877929688,14016024
158.77000427246094,160.64999389648438,158.67999267578125,159.07000732421875,159.07000732421875,12651871
159.05999755859375,160.22000122070312,158.2899932861328,158.7949981689453,158.7949981689453,13505645
158.7949981689453,159.97000122070312,158.27999877929688,159.1999969482422,159.1999969482422,13779352
165.7100067138672,166.86500549316406,162.8000030517578,165.44960021972656,165.44960021972656,53210999
165.44000244140625,168.6199951171875,164.7899932861328,167.89999389648438,167.89999389648438,25920264
167.8800048828125,169.13999938964844,167.39109802246094,168.2357940673828,168.2357940673828,18082006
168.24000549316406,168.89990234375,167.7100067138672,168.27000427246094,168.27000427246094,13439804
168.27000427246094,168.86000061035156,166.75,166.94500732421875,166.94500732421875,14389539
166.9499969482422,169.1999969482422,166.52000427246094,168.710205078125,168.710205078125,16645503
168.7100067138672,170.35000610351562,168.3300018310547,170.3498992919922,170.3498992919922,22144921
170.16000366210938,173.6199951171875,169.50999450683594,172.6199951171875,172.6199951171875,32319910
172.61000061035156,173.36000061035156,172.27000427246094,172.57000732421875,172.57000732421875,13326729
172.56500244140625,173.5800018310547,172.35000610351562,172.63499450683594,172.63499450683594,10083567
172.6300048828125,173.08740234375,172.42999267578125,173.02999877929688,173.02999877929688,7643318
173.03500366210938,173.74000549316406,172.8000030517578,173.6199951171875,173.6199951171875,8222485
173.6199951171875,173.6199951171875,172.77000427246094,173.2899932861328,173.2899932861328,9974632
173.27999877929688,175.0,173.05999755859375,174.8000030517578,174.8000030517578,16386380
174.00999450683594,174.58999633789062,172.30999755859375,172.89999389648438,172.89999389648438,22812848
172.91000366210938,174.14500427246094,172.52999877929688,173.97999572753906,173.97999572753906,11363749
173.97500610351562,174.43499755859375,173.47999572753906,173.77999877929688,173.77999877929688,8265627
173.7899932861328,173.8000030517578,172.89999389648438,173.00999450683594,173.00999450683594,6096062
173.01400756835938,173.3000030517578,172.50999450683594,173.0924072265625,173.0924072265625,5988714
173.09500122070312,174.19000244140625,172.80999755859375,174.127197265625,174.127197265625,9232759
174.1300048828125,174.83999633789062,174.02000427246094,174.61000061035156,174.61000061035156,9254418
174.7449951171875,175.55999755859375,173.94000244140625,175.02999877929688,175.02999877929688,19872737
175.0399932861328,175.22000122070312,173.72999572753906,173.94000244140625,173.94000244140625,10356812
173.93209838867188,174.83999633789062,173.3300018310547,174.48550415039062,174.48550415039062,6835085
174.48500061035156,175.0500030517578,174.25,174.4799041748047,174.4799041748047,6354426
174.4799041748047,175.0500030517578,174.2899932861328,174.92999267578125,174.92999267578125,5711818
174.9208984375,175.69000244140625,174.86000061035156,175.22000122070312,175.22000122070312,8486771
175.22000122070312,175.8800048828125,174.98500061035156,175.8300018310547,175.8300018310547,8765624
175.25,175.83999633789062,173.85000610351562,175.8300018310547,175.8300018310547,20345306
175.8350067138672,176.23989868164062,174.82000732421875,175.0500030517578,175.0500030517578,10202491
175.0399932861328,175.3101043701172,174.27999877929688,175.13009643554688,175.13009643554688,7888441
175.1300048828125,175.7415008544922,174.86000061035156,175.67999267578125,175.67999267578125,5606497
175.6699981689453,176.02999877929688,174.8300018310547,174.9550018310547,174.9550018310547,6788193
174.95199584960938,175.24000549316406,174.17230224609375,174.61000061035156,174.61000061035156,8447275
174.60000610351562,174.62899780273438,172.1199951171875,173.0,173.0,12812349
171.67999267578125,172.9199981689453,170.67999267578125,171.5749969482422,171.5749969482422,19347599
171.57000732421875,172.02000427246094,170.80999755859375,171.5500030517578,171.5500030517578,12182878
171.5399932861328,172.6199951171875,171.47000122070312,171.97500610351562,171.97500610351562,7518723
171.99000549316406,173.4499969482422,171.6750030517578,173.01719665527344,173.01719665527344,7468944
173.02000427246094,173.72999572753906,172.52000427246094,172.8520050048828,172.8520050048828,7588172
172.86000061035156,173.92999267578125,172.77000427246094,173.53500366210938,173.53500366210938,7551728
173.5500030517578,174.10000610351562,172.22000122070312,172.32000732421875,172.32000732421875,7409541
172.5355987548828,173.94000244140625,172.39999389648438,173.27999877929688,173.27999877929688,22626162
173.2899932861328,173.94580078125,172.38999938964844,172.6199951171875,172.6199951171875,10447968
172.62759399414062,172.67999267578125,171.72999572753906,171.83999633789062,171.83999633789062,6983930
171.8300018310547,172.6300048828125,171.52999877929688,172.55799865722656,172.55799865722656,5774347
172.55999755859375,172.72000122070312,171.97000122070312,172.61000061035156,172.61000061035156,4738363
172.61000061035156,173.0399932861328,172.1999969482422,172.25999450683594,172.25999450683594,5845469
172.25999450683594,172.51499938964844,170.9499969482422,171.7100067138672,171.7100067138672,7785973
172.25,172.4199981689453,171.42999267578125,171.99989318847656,171.99989318847656,14745199
172.00999450683594,173.67999267578125,171.6300048828125,173.66000366210938,173.66000366210938,8773909
173.66879272460938,174.80999755859375,173.65240478515625,174.8000030517578,174.8000030517578,10045628
174.80999755859375,175.27789306640625,174.22000122070312,174.32989501953125,174.32989501953125,8189860
174.32989501953125,174.80999755859375,173.96499633789062,174.05999755859375,174.05999755859375,6830884
174.07000732421875,175.0,173.63499450683594,174.3498992919922,174.3498992919922,8173919
174.35000610351562,175.35000610351562,174.2100067138672,174.82000732421875,174.82000732421875,9334998
176.0500030517578,176.64999389648438,175.08050537109375,175.67999267578125,175.67999267578125,17549620
175.72000122070312,176.16990661621094,175.1999969482422,175.4499969482422,175.4499969482422,8176642
175.44000244140625,175.80990600585938,175.22000122070312,175.5612030029297,175.5612030029297,6012430
175.57000732421875,175.9199981689453,175.42999267578125,175.6199951171875,175.6199951171875,5001872
175.6199951171875,176.0500030517578,175.43499755859375,175.91009521484375,175.91009521484375,5159335
175.9199981689453,176.1199951171875,174.89999389648438,175.59800720214844,175.59800720214844,7179356
175.59100341796875,176.3300018310547,175.5050048828125,176.27999877929688,176.27999877929688,9117572
174.13999938964844,175.47999572753906,173.75,174.9199981689453,174.9199981689453,18623986
174.9499969482422,175.22000122070312,173.7899932861328,174.39999389648438,174.39999389648438,11641393
174.38999938964844,175.02000427246094,173.89999389648438,174.9199981689453,174.9199981689453,7112503
174.9199981689453,175.0500030517578,172.3699951171875,173.13999938964844,173.13999938964844,11039035
173.1300048828125,173.5800018310547,172.52000427246094,173.06100463867188,173.06100463867188,9324756
173.07000732421875,173.55999755859375,172.4499969482422,172.7050018310547,172.7050018310547,8303783
172.69000244140625,172.88999938964844,171.5500030517578,172.25999450683594,172.25999450683594,10592905
172.58999633789062,173.0800018310547,171.02999877929688,171.72000122070312,171.72000122070312,18452711
171.72999572753906,172.69500732421875,171.39999389648438,172.05999755859375,172.05999755859375,9111763
172.05999755859375,172.1999969482422,171.3000030517578,171.80999755859375,171.80999755859375,6918995
171.8000030517578,172.07000732421875,171.02000427246094,171.02499389648438,171.02499389648438,6087541
171.02999877929688,171.04949951171875,168.5,168.97999572753906,168.97999572753906,16404665
168.97999572753906,169.85000610351562,168.2899932861328,168.8350067138672,168.8350067138672,12356032
168.8350067138672,169.6999969482422,168.0399932861328,168.44000244140625,168.44000244140625,11864959
168.05999755859375,169.0,167.5500030517578,168.4199981689453,168.4199981689453,18117555
168.42990112304688,169.1699981689453,167.6999969482422,168.99000549316406,168.99000549316406,9003239
169.0,169.33999633789062,168.47000122070312,169.3300018310547,169.3300018310547,7083897
169.31500244140625,169.5800018310547,168.85009765625,168.95899963378906,168.95899963378906,5098138
168.96499633789062,168.97000122070312,166.55999755859375,167.5,167.5,9465749
167.5,169.12890625,167.0,168.53030395507812,168.53030395507812,8915134
168.5399932861328,169.38999938964844,167.72000122070312,169.1300048828125,169.1300048828125,11946038
170.97000122070312,171.4506072998047,170.25,171.0800018310547,171.0800018310547,14651854
171.0800018310547,171.63999938964844,170.69000244140625,171.46499633789062,171.46499633789062,7501656
171.47000122070312,171.72000122070312,170.66090393066406,170.87600708007812,170.87600708007812,5604576
170.8800048828125,171.9499969482422,170.33999633789062,171.83999633789062,171.83999633789062,6255731
171.85000610351562,172.0399932861328,171.3800048828125,171.82000732421875,171.82000732421875,5257951
171.82000732421875,172.36000061035156,171.67999267578125,172.19000244140625,172.19000244140625,6302342
172.17999267578125,172.9499969482422,171.72000122070312,172.8000030517578,172.8000030517578,9180574
171.77000427246094,171.9600067138672,170.0500030517578,170.72999572753906,170.72999572753906,13963988
170.72999572753906,171.19000244140625,170.35000610351562,170.86990356445312,170.86990356445312,6456789
170.86810302734375,171.41000366210938,170.73989868164062,170.86819458007812,170.86819458007812,5529140
170.86000061035156,170.89500427246094,170.17999267578125,170.8699951171875,170.8699951171875,4143528
170.8699951171875,172.47500610351562,170.5399932861328,172.4149932861328,172.4149932861328,7582466
172.4199981689453,173.33999633789062,171.97999572753906,173.13999938964844,173.13999938964844,8460718
173.13999938964844,173.19000244140625,172.30999755859375,172.5500030517578,172.5500030517578,6828634
171.02999877929688,171.91000366210938,170.74000549316406,170.9199981689453,170.9199981689453,13985184
170.9199981689453,171.6199951171875,170.83999633789062,171.30499267578125,171.30499267578125,8571601
171.30999755859375,171.60000610351562,170.7550048828125,171.0500030517578,171.0500030517578,6027512
171.0500030517578,171.19000244140625,170.41000366210938,170.64500427246094,170.64500427246094,4555817
170.6300048828125,170.72999572753906,169.75,169.80499267578125,169.80499267578125,6049017
169.8000030517578,169.8730010986328,168.89500427246094,169.2100067138672,169.2100067138672,8802409
169.2100067138672,169.5399932861328,168.47000122070312,168.9199981689453,168.9199981689453,10302022
169.82000732421875,170.5413055419922,168.08999633789062,168.5,168.5,16719543
168.4949951171875,168.4949951171875,167.2899932861328,168.10499572753906,168.10499572753906,10302703
168.11000061035156,168.36000061035156,167.2100067138672,167.69549560546875,167.69549560546875,7975843
167.69000244140625,167.80999755859375,166.19000244140625,166.35000610351562,166.35000610351562,9817963
166.33999633789062,168.11000061035156,166.29949951171875,168.0399932861328,168.0399932861328,7875126
168.03500366210938,168.66000366210938,167.27999877929688,167.375,167.375,9648996
167.36500549316406,167.89999389648438,166.75999450683594,167.60000610351562,167.60000610351562,9552614
165.25,166.69000244140625,163.85000610351562,166.6300048828125,166.6300048828125,23044321
166.6300048828125,166.67999267578125,164.41000366210938,164.5500030517578,164.5500030517578,10346244
164.5500030517578,165.32000732421875,164.3300018310547,164.40499877929688,164.40499877929688,7787640
164.39999389648438,164.58999633789062,163.56199645996094,163.89999389648438,163.89999389648438,6970095
163.88999938964844,164.05999755859375,162.14999389648438,163.35000610351562,163.35000610351562,10939192
163.3249969482422,165.3585968017578,162.78469848632812,165.1199951171875,165.1199951171875,12152764
165.11500549316406,165.2100067138672,163.4499969482422,164.3300018310547,164.3300018310547,9251240
165.5399932861328,166.14999389648438,163.72000122070312,163.88999938964844,163.88999938964844,16822391
163.8800048828125,164.22000122070312,162.80999755859375,162.93499755859375,162.93499755859375,8389701
162.9250030517578,164.47000122070312,162.77000427246094,164.30490112304688,164.30490112304688,7256351
164.3300018310547,164.3800048828125,162.07000732421875,162.16000366210938,162.16000366210938,6749498
162.16000366210938,162.64999389648438,161.30999755859375,161.42999267578125,161.42999267578125,9012449
161.44000244140625,161.58999633789062,160.302001953125,160.8000030517578,160.8000030517578,11979944
160.8000030517578,160.98500061035156,159.75,160.07000732421875,160.07000732421875,14853573
153.0,157.8000030517578,152.60000610351562,155.85000610351562,155.85000610351562,47232065
155.86000061035156,158.67999267578125,154.9600067138672,158.02999877929688,158.02999877929688,19119755
158.0399932861328,158.8300018310547,156.8000030517578,157.25999450683594,157.25999450683594,11699290
157.2550048828125,158.67999267578125,156.6999969482422,157.9114990234375,157.9114990234375,9915031
157.9199981689453,159.92999267578125,157.8699951171875,159.50999450683594,159.50999450683594,11383399
159.5,161.13189697265625,159.47000122070312,160.35000610351562,160.35000610351562,12939789
160.35000610351562,162.85000610351562,160.3000030517578,162.77000427246094,162.77000427246094,13812686
163.83999633789062,164.0,160.87379455566406,162.14999389648438,162.14999389648438,21024869
162.13999938964844,164.50999450683594,161.60000610351562,164.02999877929688,164.02999877929688,13988802
164.0399932861328,164.83999633789062,163.86000061035156,164.3000030517578,164.3000030517578,9841000
164.3000030517578,164.82000732421875,163.47999572753906,164.48500061035156,164.48500061035156,9663934
164.49000549316406,165.00999450683594,164.13999938964844,164.77999877929688,164.77999877929688,8439502
164.77999877929688,165.0,163.97999572753906,164.6750030517578,164.6750030517578,10236795
164.67999267578125,165.1199951171875,164.4499969482422,164.8699951171875,164.8699951171875,11145842
163.46499633789062,164.85000610351562,163.16000366210938,163.77999877929688,163.77999877929688,18708455
163.77999877929688,165.22999572753906,163.75990295410156,165.0800018310547,165.0800018310547,10793313
165.07000732421875,165.4199981689453,163.99000549316406,164.3000030517578,164.3000030517578,8650220
164.3000030517578,164.9488067626953,163.7100067138672,164.07000732421875,164.07000732421875,8045236
164.05999755859375,164.64999389648438,162.5200958251953,162.8300018310547,162.8300018310547,8020792
162.82009887695312,164.17999267578125,162.42999267578125,163.8199005126953,163.8199005126953,8468159
163.80999755859375,165.39999389648438,162.63999938964844,165.1199951171875,165.1199951171875,12359527
164.69500732421875,166.60000610351562,164.55999755859375,166.1497039794922,166.1497039794922,20832557
166.15769958496094,166.42999267578125,164.66000366210938,164.85000610351562,164.85000610351562,10851045
164.8408966064453,164.8800048828125,163.02130126953125,163.92999267578125,163.92999267578125,9990380
163.91000366210938,164.39999389648438,162.52000427246094,162.54769897460938,162.54769897460938,7408402
162.5500030517578,163.33999633789062,162.50999450683594,163.19140625,163.19140625,7523491
163.1999969482422,163.88999938964844,162.57000732421875,162.8699951171875,162.8699951171875,8795125
162.86000061035156,163.6300048828125,161.97000122070312,163.1699981689453,163.1699981689453,10116647
164.38999938964844,164.72000122070312,162.9499969482422,164.50999450683594,164.50999450683594,15838695
164.49000549316406,166.1999969482422,164.16000366210938,165.7393035888672,165.7393035888672,14153773
165.75999450683594,166.64999389648438,165.57000732421875,166.2899932861328,166.2899932861328,10781481
166.3000030517578,166.88999938964844,166.0399932861328,166.68609619140625,166.68609619140625,6575026
166.6999969482422,167.14999389648438,166.41000366210938,166.8699951171875,166.8699951171875,6249717
166.8800048828125,167.3000030517578,166.6300048828125,167.2100067138672,167.2100067138672,7121896
167.2100067138672,167.36000061035156,166.39999389648438,166.5399932861328,166.5399932861328,8928079
168.47000122070312,168.91000366210938,166.5399932861328,166.82000732421875,166.82000732421875,18961427
166.8105010986328,167.05990600585938,165.72999572753906,166.66000366210938,166.66000366210938,9818260
166.64999389648438,167.24000549316406,166.17999267578125,166.25,166.25,7902041
166.25,167.92759704589844,166.08999633789062,167.6999969482422,167.6999969482422,8799450
167.6909942626953,167.91000366210938,166.8800048828125,167.77000427246094,167.77000427246094,6436515
167.75999450683594,167.75999450683594,165.9199981689453,166.68809509277344,166.68809509277344,8016232
166.67999267578125,166.74000549316406,165.5500030517578,166.3000030517578,166.3000030517578,7899785
164.9228057861328,165.5500030517578,162.9499969482422,163.30999755859375,163.30999755859375,18957828
163.32000732421875,163.52499389648438,162.10000610351562,162.5500030517578,162.5500030517578,11511868
162.54449462890625,163.80999755859375,162.25999450683594,163.6999969482422,163.6999969482422,10272567
163.70989990234375,164.46499633789062,163.12249755859375,163.47500610351562,163.47500610351562,8658965
163.4550018310547,164.36000061035156,162.7899932861328,163.3300018310547,163.3300018310547,7601573
163.32000732421875,163.66529846191406,162.38999938964844,162.6999969482422,162.6999969482422,9197653
162.7050018310547,163.52999877929688,162.1300048828125,163.22000122070312,163.22000122070312,8868545
164.5,165.02000427246094,161.5,161.52999877929688,161.52999877929688,20142540
161.5399932861328,163.5,161.3800048828125,163.17999267578125,163.17999267578125,11141664
163.17999267578125,164.0,161.41000366210938,161.67999267578125,161.67999267578125,10663343
161.6699981689453,162.22999572753906,160.89999389648438,161.05990600585938,161.05990600585938,9310348
161.0399932861328,161.88999938964844,160.8000030517578,161.0500946044922,161.0500946044922,7903678
161.07000732421875,161.1699981689453,159.75,160.36000061035156,160.36000061035156,11169099
160.33999633789062,160.3800048828125,159.0399932861328,159.30999755859375,159.30999755859375,11806695
158.95399475097656,160.32000732421875,156.72000122070312,156.731201171875,156.731201171875,27530606
156.73500061035156,158.3800048828125,156.05039978027344,156.5399932861328,156.5399932861328,16416373
156.5399932861328,160.91000366210938,155.8000030517578,160.8759002685547,160.8759002685547,17758117
160.86500549316406,162.8800048828125,160.1300048828125,160.99000549316406,160.99000549316406,17770135
160.9990997314453,160.9990997314453,157.8300018310547,159.15150451660156,159.15150451660156,14149980
159.1300048828125,160.5,158.36000061035156,158.4499969482422,158.4499969482422,12420016
158.4600067138672,158.50999450683594,157.10659790039062,157.2899932861328,157.2899932861328,11730063
161.47500610351562,161.63999938964844,159.41000366210938,161.3300018310547,161.3300018310547,22796274
161.33999633789062,162.17999267578125,161.0238037109375,161.11000061035156,161.11000061035156,11742336
161.1199951171875,162.22999572753906,161.0800018310547,162.00999450683594,162.00999450683594,7886746
162.01499938964844,162.69000244140625,161.8800048828125,162.2799072265625,162.2799072265625,7416460
162.28439331054688,162.4149932861328,161.55999755859375,162.33999633789062,162.33999633789062,6973058
162.3444061279297,163.2899932861328,162.31500244140625,163.19500732421875,163.19500732421875,11753913
163.19500732421875,163.41000366210938,162.27999877929688,162.97999572753906,162.97999572753906,10636360
160.1999969482422,160.38999938964844,157.89999389648438,158.1199951171875,158.1199951171875,24915260
158.13499450683594,158.3699951171875,156.47999572753906,156.67909240722656,156.67909240722656,12323706
156.67999267578125,157.5,156.39999389648438,157.2100067138672,157.2100067138672,10636832
157.2100067138672,157.2100067138672,155.97999572753906,156.8300018310547,156.8300018310547,10179522
156.82000732421875,158.5399932861328,156.57000732421875,158.22999572753906,158.22999572753906,9991903
158.22999572753906,159.19000244140625,157.74000549316406,158.00999450683594,158.00999450683594,10845945
158.02000427246094,158.6898956298828,157.41000366210938,158.52000427246094,158.52000427246094,9625150
158.92999267578125,159.27999877929688,156.92999267578125,157.66000366210938,157.66000366210938,20478902
157.65499877929688,158.125,155.8699951171875,155.88999938964844,155.88999938964844,11286358
155.88499450683594,155.9199981689453,154.77999877929688,154.92759704589844,154.92759704589844,15514728
154.92999267578125,156.58999633789062,154.74000549316406,156.5,156.5,9883061
156.50010681152344,156.7949981689453,155.8800048828125,156.53990173339844,156.53990173339844,8825026
156.53500366210938,156.5399932861328,155.00999450683594,155.0850067138672,155.0850067138672,8360336
155.0800018310547,155.36000061035156,154.5,154.72999572753906,154.72999572753906,12072056
152.0,153.74000549316406,151.57000732421875,153.32000732421875,153.32000732421875,26665011
153.31500244140625,154.1199951171875,152.6300048828125,153.0800018310547,153.0800018310547,11358054
153.10000610351562,153.19000244140625,151.5,151.9600067138672,151.9600067138672,10458405
151.9499969482422,152.02999877929688,150.5,150.80029296875,150.80029296875,12418477
150.8000030517578,151.44000244140625,150.39999389648438,150.6782989501953,150.6782989501953,11638111
150.6750030517578,151.72999572753906,150.5800018310547,151.2100067138672,151.2100067138672,11323976
151.1999969482422,151.27999877929688,150.10000610351562,150.63999938964844,150.63999938964844,11515178
150.89999389648438,152.2989044189453,150.3800048828125,152.0200958251953,152.0200958251953,20824198
152.02499389648438,153.41000366210938,151.9199981689453,153.38999938964844,153.38999938964844,11268331
153.3800048828125,154.6699981689453,153.02999877929688,154.52999877929688,154.52999877929688,11216950
154.5399932861328,154.65899658203125,153.25,153.25,153.25,6951192
153.25990295410156,153.8000030517578,152.8300018310547,153.22500610351562,153.22500610351562,7880526
153.2100067138672,155.19000244140625,153.01499938964844,154.90899658203125,154.90899658203125,10217936
154.91000366210938,155.57000732421875,154.80999755859375,155.16000366210938,155.16000366210938,10323481
157.0500030517578,158.02000427246094,155.52999877929688,157.80999755859375,157.80999755859375,22123880
157.8300018310547,158.63999938964844,157.6999969482422,157.97909545898438,157.97909545898438,11447687
157.97999572753906,158.3000030517578,157.63499450683594,158.0399932861328,158.0399932861328,6976232
158.05459594726562,158.1300048828125,156.52999877929688,156.7899932861328,156.7899932861328,7509613
156.78160095214844,157.47999572753906,155.13290405273438,155.22000122070312,155.22000122070312,11779889
155.2100067138672,158.52000427246094,154.4600067138672,158.3260040283203,158.3260040283203,16958955
158.3300018310547,160.0,157.77999877929688,159.65499877929688,159.65499877929688,11049692
158.61000061035156,159.9199981689453,157.72999572753906,158.71009826660156,158.71009826660156,16027031
158.7100067138672,158.85000610351562,157.6300048828125,158.5,158.5,8741669
158.49000549316406,159.3000030517578,157.92999267578125,159.1378936767578,159.1378936767578,7458553
159.1300048828125,159.9149932861328,158.52000427246094,159.91000366210938,159.91000366210938,7278980
159.9199981689453,160.25,159.26499938964844,159.33990478515625,159.33990478515625,7701975
159.33999633789062,160.06500244140625,159.32569885253906,159.77499389648438,159.77499389648438,7199729
159.75999450683594,161.0,159.6999969482422,160.9199981689453,160.9199981689453,9512220
160.50999450683594,161.9199981689453,159.75999450683594,161.39500427246094,161.39500427246094,31435630
161.38999938964844,162.19000244140625,160.82000732421875,161.7899932861328,161.7899932861328,10494244
161.77999877929688,162.61000061035156,161.77999877929688,162.5800018310547,162.5800018310547,9003024
162.5850067138672,162.89999389648438,162.36000061035156,162.6300048828125,162.6300048828125,9421564
162.6199951171875,163.05499267578125,162.2449951171875,162.9600067138672,162.9600067138672,7858878
162.9600067138672,164.35000610351562,162.8300018310547,164.125,164.125,11587346
164.1300048828125,164.47999572753906,163.4499969482422,163.9403076171875,163.9403076171875,13660471
164.11000061035156,165.58999633789062,163.01499938964844,163.22500610351562,163.22500610351562,18295067
163.22000122070312,166.16000366210938,163.22000122070312,166.03990173339844,166.03990173339844,15152948
166.03500366210938,166.35000610351562,165.3699951171875,165.61500549316406,165.61500549316406,9968884
165.6199951171875,165.64500427246094,163.16000366210938,163.6855010986328,163.6855010986328,10156181
163.69000244140625,164.7899932861328,163.4199981689453,164.67999267578125,164.67999267578125,8501280
164.66799926757812,164.8699951171875,163.91000366210938,164.69000244140625,164.69000244140625,6927648
164.6999969482422,165.39999389648438,164.10000610351562,165.3800048828125,165.3800048828125,7885821
165.50999450683594,168.0500030517578,164.91000366210938,168.02499389648438,168.02499389648438,19968339
168.02569580078125,169.1199951171875,167.92999267578125,168.80999755859375,168.80999755859375,12641912
168.8000030517578,168.95350646972656,168.19000244140625,168.33999633789062,168.33999633789062,7589832
168.33999633789062,169.05909729003906,168.17999267578125,168.75,168.75,6543154
168.75999450683594,169.4199981689453,168.32000732421875,168.62210083007812,168.62210083007812,7405259
168.625,169.08999633789062,168.4499969482422,168.85499572753906,168.85499572753906,7448898
168.85000610351562,169.25,168.49000549316406,168.8300018310547,168.8300018310547,9098898
167.99000549316406,170.75999450683594,167.64999389648438,170.25999450683594,170.25999450683594,23339710
170.25,171.61000061035156,169.75999450683594,171.256103515625,171.256103515625,12375809
171.25,172.22000122070312,171.1300048828125,171.86000061035156,171.86000061035156,11358938
171.86000061035156,172.63999938964844,171.30999755859375,171.7899932861328,171.7899932861328,12285710
171.7899932861328,172.44000244140625,171.52999877929688,171.9600067138672,171.9600067138672,9912878
171.94500732421875,172.19000244140625,170.9499969482422,171.25,171.25,9718898
171.24000549316406,171.47000122070312,170.10000610351562,170.22000122070312,170.22000122070312,9374401
171.05999755859375,172.35000610351562,170.3300018310547,170.47000122070312,170.47000122070312,19557830
170.44000244140625,172.02999877929688,170.2100067138672,172.0198974609375,172.0198974609375,10169838
172.01499938964844,172.27000427246094,171.0449981689453,171.1699981689453,171.1699981689453,7600762
171.14999389648438,172.8699951171875,171.02000427246094,171.9250030517578,171.9250030517578,11581212
171.9250030517578,172.52000427246094,171.8000030517578,172.18899536132812,172.18899536132812,7492831
172.1855010986328,173.4199981689453,172.02999877929688,173.239501953125,173.239501953125,11379840
173.24000549316406,174.13999938964844,172.875,174.10000610351562,174.10000610351562,12412784
173.8800048828125,174.72999572753906,173.02999877929688,174.4149932861328,174.4149932861328,19717170
174.4199981689453,175.27999877929688,172.79969787597656,173.20469665527344,173.20469665527344,15176703
173.22000122070312,173.75,172.75,173.32620239257812,173.32620239257812,8995183
173.30999755859375,173.80499267578125,172.84500122070312,173.64500427246094,173.64500427246094,7064990
173.64999389648438,174.55499267578125,173.5800018310547,174.4532928466797,174.4532928466797,6534925
174.4499969482422,174.77999877929688,173.39500427246094,173.42689514160156,173.42689514160156,8185863
173.4199981689453,174.8000030517578,173.3300018310547,174.72999572753906,174.72999572753906,8167912
172.1699981689453,175.0,172.0,174.33999633789062,174.33999633789062,25291677
174.34500122070312,175.0050048828125,173.6999969482422,174.3800048828125,174.3800048828125,11578517
174.375,174.39500427246094,173.0800018310547,173.39999389648438,173.39999389648438,8979815
173.41000366210938,174.60000610351562,173.3300018310547,174.44180297851562,174.44180297851562,6460224
174.44000244140625,174.8000030517578,174.15060424804688,174.74009704589844,174.74009704589844,7178077
174.74000549316406,175.11000061035156,174.52499389648438,175.0,175.0,10112920
175.0,175.72999572753906,174.8000030517578,175.59500122070312,175.59500122070312,12737976
176.83999633789062,178.1300048828125,176.60000610351562,177.381103515625,177.381103515625,25635730
177.3800048828125,177.85000610351562,176.35000610351562,177.8300018310547,177.8300018310547,11601442
177.83799743652344,177.88999938964844,177.08999633789062,177.1649932861328,177.1649932861328,8335670
177.16000366210938,177.38999938964844,176.72000122070312,177.09500122070312,177.09500122070312,7961450
177.10000610351562,178.09500122070312,177.02000427246094,177.85000610351562,177.85000610351562,8434121
177.83999633789062,178.9600067138672,177.75999450683594,178.77999877929688,178.77999877929688,12379385
178.78500366210938,179.00999450683594,178.41000366210938,178.99000549316406,178.99000549316406,10834814
178.5500030517578,179.61000061035156,178.1999969482422,178.90499877929688,178.90499877929688,24564204
178.90809631347656,179.02499389648438,177.46859741210938,177.64999389648438,177.64999389648438,11397715
177.64999389648438,178.17999267578125,177.5,177.76119995117188,177.76119995117188,8532628
177.77000427246094,178.47000122070312,177.66000366210938,178.1999969482422,178.1999969482422,7854352
178.1999969482422,179.35000610351562,177.9499969482422,178.00999450683594,178.00999450683594,10279636
178.0,178.32000732421875,176.6999969482422,177.1925048828125,177.1925048828125,8897703
177.19000244140625,177.7899932861328,176.9600067138672,177.7899932861328,177.7899932861328,9446822
177.83999633789062,178.02999877929688,175.5290069580078,176.2259063720703,176.2259063720703,19237476
176.22500610351562,177.1699981689453,176.17999267578125,176.47000122070312,176.47000122070312,9507497
176.46499633789062,177.25,176.3800048828125,176.74000549316406,176.74000549316406,6449120
176.74830627441406,176.85000610351562,176.13999938964844,176.61000061035156,176.61000061035156,5738705
176.60789489746094,176.99000549316406,176.22999572753906,176.4250030517578,176.4250030517578,6794852
176.4250030517578,177.24000549316406,176.31500244140625,176.46499633789062,176.46499633789062,8636907
176.4600067138672,176.47999572753906,174.39999389648438,174.67999267578125,174.67999267578125,20938019
174.02999877929688,174.8800048828125,172.50999450683594,173.25,173.25,19981502
173.25,174.02000427246094,172.76499938964844,172.9250030517578,172.9250030517578,8802828
172.92059326171875,172.93789672851562,171.94000244140625,172.85000610351562,172.85000610351562,8412658
172.83999633789062,172.83999633789062,172.10000610351562,172.3350067138672,172.3350067138672,5839137
172.3350067138672,173.40499877929688,172.1999969482422,173.35499572753906,173.35499572753906,6672519
173.35000610351562,173.74000549316406,172.8800048828125,173.03500366210938,173.03500366210938,7992811
173.03109741210938,174.64500427246094,172.77000427246094,174.25999450683594,174.25999450683594,10178083
174.55499267578125,178.2100067138672,174.47999572753906,177.36000061035156,177.36000061035156,22098890
177.36000061035156,177.83999633789062,176.72999572753906,177.64500427246094,177.64500427246094,10059372
177.64999389648438,177.83059692382812,177.11000061035156,177.66000366210938,177.66000366210938,6683479
177.6649932861328,177.68499755859375,176.9199981689453,177.22959899902344,177.22959899902344,5749349
177.22999572753906,177.61500549316406,177.02000427246094,177.49000549316406,177.49000549316406,5992490
177.49000549316406,178.3000030517578,177.4219970703125,178.2899932861328,178.2899932861328,8353363
178.2899932861328,178.49000549316406,177.97999572753906,178.46499633789062,178.46499633789062,9712315
177.5,178.3000030517578,176.2100067138672,176.90989685058594,176.90989685058594,18970044
176.90499877929688,177.11000061035156,176.1999969482422,176.49000549316406,176.49000549316406,9399966
176.49000549316406,176.5500030517578,175.22500610351562,175.26499938964844,175.26499938964844,7666969
175.26499938964844,176.1199951171875,175.0,175.64199829101562,175.64199829101562,6917972
175.6490936279297,175.75,174.92999267578125,175.3800048828125,175.3800048828125,5579360
175.3800048828125,175.49000549316406,174.4149932861328,174.86000061035156,174.86000061035156,7493675
174.85000610351562,175.22000122070312,174.44000244140625,175.0399932861328,175.0399932861328,7947093
172.36000061035156,173.24000549316406,171.02000427246094,171.1300048828125,171.1300048828125,21718850
171.1300048828125,171.5800018310547,170.1300048828125,170.8350067138672,170.8350067138672,11354344
170.83999633789062,171.74000549316406,170.49000549316406,170.97500610351562,170.97500610351562,7839538
170.97000122070312,171.7100067138672,170.8715057373047,171.7100067138672,171.7100067138672,5695053
171.72000122070312,173.41000366210938,170.92999267578125,171.3800048828125,171.3800048828125,11187310
171.3699951171875,173.6300048828125,171.33999633789062,171.6699981689453,171.6699981689453,11178009
171.6750030517578,172.91000366210938,171.50999450683594,171.60000610351562,171.60000610351562,9910733
171.16000366210938,173.13999938964844,171.02999877929688,172.0800018310547,172.0800018310547,16955783
172.0850067138672,172.38999938964844,170.6199951171875,170.86000061035156,170.86000061035156,9035411
170.86000061035156,171.53500366210938,170.40499877929688,170.89999389648438,170.89999389648438,7261185
170.88999938964844,171.36529541015625,169.85000610351562,171.19000244140625,171.19000244140625,8298192
171.19500732421875,172.2550048828125,170.8000030517578,171.67999267578125,171.67999267578125,6745602
171.66000366210938,173.17999267578125,171.49000549316406,172.65220642089844,172.65220642089844,8432965
172.66000366210938,173.36000061035156,171.8800048828125,172.1699981689453,172.1699981689453,9110660
171.42999267578125,171.64999389648438,169.1999969482422,170.27999877929688,170.27999877929688,19362722
170.27000427246094,171.36000061035156,169.6199951171875,170.89999389648438,170.89999389648438,11416468
170.9199981689453,171.77000427246094,170.33599853515625,171.65499877929688,171.65499877929688,8127821
171.64999389648438,171.7299041748047,170.7550048828125,170.82000732421875,170.82000732421875,5203255
170.82009887695312,170.8697052001953,169.8300018310547,169.95010375976562,169.95010375976562,6723027
169.9600067138672,170.97000122070312,169.77999877929688,170.74000549316406,170.74000549316406,8143033
170.75,170.86000061035156,169.82000732421875,170.13999938964844,170.13999938964844,8532677
168.5,168.77000427246094,166.36500549316406,166.47999572753906,166.47999572753906,19251032
166.49000549316406,167.0399932861328,166.10000610351562,166.44000244140625,166.44000244140625,8804591
166.44000244140625,167.2050018310547,166.39999389648438,166.55999755859375,166.55999755859375,6208228
166.5500030517578,167.4600067138672,166.5500030517578,166.91000366210938,166.91000366210938,6214791
166.91000366210938,167.25,166.49000549316406,166.6649932861328,166.6649932861328,5672112
166.66000366210938,167.1300048828125,166.0500030517578,166.1300048828125,166.1300048828125,7685123
166.1199951171875,166.27000427246094,165.5,165.77999877929688,165.77999877929688,10453607
168.02000427246094,169.8699951171875,166.9199981689453,169.5749969482422,169.5749969482422,22000268
169.5850067138672,169.6750030517578,167.82000732421875,169.0800018310547,169.0800018310547,9766239
169.0800018310547,169.375,167.77499389648438,167.86000061035156,167.86000061035156,7555048
167.85000610351562,168.57000732421875,167.61000061035156,168.11000061035156,168.11000061035156,7661223
168.10549926757812,168.30999755859375,166.72999572753906,166.93080139160156,166.93080139160156,7461894
166.94000244140625,167.75,166.63999938964844,167.11000061035156,167.11000061035156,9478627
167.11500549316406,168.09500122070312,166.97000122070312,167.63999938964844,167.63999938964844,8990248
167.52000427246094,168.89999389648438,166.77000427246094,168.69000244140625,168.69000244140625,15711444
168.6999969482422,170.0,168.28500366210938,169.69000244140625,169.69000244140625,9751613
169.6999969482422,171.0,169.60009765625,170.44009399414062,170.44009399414062,10069224
170.4499969482422,171.0,170.27999877929688,170.55999755859375,170.55999755859375,6851724
170.57000732421875,170.59359741210938,169.9499969482422,170.27999877929688,170.27999877929688,6078766
170.27999877929688,170.8300018310547,170.11500549316406,170.8000030517578,170.8000030517578,7127224
170.80419921875,171.0399932861328,170.27999877929688,170.39999389648438,170.39999389648438,8185581
170.6199951171875,171.27000427246094,168.08999633789062,168.47000122070312,168.47000122070312,17542629
168.47169494628906,168.72000122070312,167.58999633789062,168.25,168.25,7921266
168.26499938964844,168.35000610351562,166.86000061035156,166.9600067138672,166.9600067138672,7232209
166.96499633789062,167.07000732421875,166.55499267578125,166.55999755859375,166.55999755859375,5905515
166.57000732421875,167.38999938964844,166.4499969482422,166.66929626464844,166.66929626464844,6752274
166.67999267578125,166.79110717773438,165.7200927734375,165.86500549316406,165.86500549316406,8547560
165.80499267578125,165.99000549316406,165.0399932861328,165.27999877929688,165.27999877929688,10069979
163.9199981689453,166.35549926757812,163.57000732421875,166.14999389648438,166.14999389648438,18871900
166.14999389648438,166.59840393066406,164.50999450683594,164.6300048828125,164.6300048828125,8329834
164.6199951171875,164.84530639648438,163.69000244140625,163.7501983642578,163.7501983642578,9703100
163.75,164.51759338378906,163.6999969482422,164.5050048828125,164.5050048828125,5517483
164.5,165.82960510253906,164.42990112304688,165.47000122070312,165.47000122070312,7210427
165.46499633789062,165.66990661621094,164.7899932861328,164.82000732421875,164.82000732421875,5293788
164.80999755859375,165.1199951171875,163.97999572753906,165.11000061035156,165.11000061035156,6174842
165.02000427246094,166.50999450683594,163.91000366210938,166.27499389648438,166.27499389648438,16038993
166.27000427246094,167.44000244140625,166.22000122070312,167.22999572753906,167.22999572753906,8731307
167.23500061035156,167.4499969482422,166.47999572753906,166.5,166.5,5895181
166.49000549316406,166.67999267578125,166.1199951171875,166.12669372558594,166.12669372558594,4398224
166.1300048828125,166.64999389648438,165.85499572753906,166.3699951171875,166.3699951171875,5800651
166.3699951171875,167.61700439453125,166.14999389648438,167.49000549316406,167.49000549316406,6694082
167.4949951171875,167.82000732421875,166.94500732421875,167.4600067138672,167.4600067138672,9254646
168.75999450683594,168.8800048828125,166.50999450683594,168.0800018310547,168.0800018310547,16742428
168.08999633789062,168.39999389648438,166.5800018310547,166.7899932861328,166.7899932861328,8702097
166.8000030517578,167.28500366210938,166.10000610351562,166.4842071533203,166.4842071533203,6526300
166.48069763183594,167.58999633789062,166.41000366210938,167.43499755859375,167.43499755859375,6117410
167.41000366210938,168.0800018310547,167.0800018310547,167.1300048828125,167.1300048828125,5995996
167.13999938964844,167.60000610351562,166.4499969482422,167.34500122070312,167.34500122070312,7307060
167.43499755859375,167.94000244140625,167.00999450683594,167.22999572753906,167.22999572753906,9518762
168.91000366210938,170.8699951171875,168.44500732421875,170.69500732421875,170.69500732421875,20751986
170.6999969482422,171.52999877929688,170.13999938964844,171.19000244140625,171.19000244140625,12087541
171.18499755859375,171.23500061035156,169.7100067138672,169.73500061035156,169.73500061035156,11067259
169.72000122070312,170.10000610351562,168.0500030517578,168.97000122070312,168.97000122070312,8514886
168.97000122070312,169.17999267578125,167.1199951171875,167.40499877929688,167.40499877929688,7774428
167.38999938964844,168.03610229492188,165.91000366210938,166.72000122070312,166.72000122070312,10453821
166.6999969482422,167.13499450683594,166.0,166.43499755859375,166.43499755859375,8062889
166.5,167.8397979736328,165.24000549316406,165.47999572753906,165.47999572753906,18605380
165.47999572753906,166.55999755859375,165.39999389648438,165.92999267578125,165.92999267578125,9095254
165.92880249023438,166.0500030517578,164.13999938964844,164.6313018798828,164.6313018798828,8058728
164.6300048828125,165.3350067138672,164.0,164.07000732421875,164.07000732421875,6983622
164.07000732421875,164.27000427246094,163.30999755859375,163.47560119628906,163.47560119628906,7195576
163.4600067138672,163.68499755859375,162.5500030517578,163.14999389648438,163.14999389648438,10316588
163.1300048828125,164.16000366210938,161.5,161.8300018310547,161.8300018310547,12876403
161.1199951171875,161.25999450683594,159.0,160.89999389648438,160.89999389648438,26195475
160.91000366210938,161.77999877929688,158.5,159.6199951171875,159.6199951171875,11098778
159.6300048828125,160.32000732421875,158.4600067138672,159.70809936523438,159.70809936523438,11217903
159.71499633789062,160.55999755859375,159.27000427246094,160.1199951171875,160.1199951171875,8245631
160.1300048828125,161.1199951171875,159.41000366210938,161.01089477539062,161.01089477539062,8528180
161.02000427246094,162.30999755859375,160.4539031982422,162.2100067138672,162.2100067138672,11391737
162.19000244140625,163.1699981689453,162.0399932861328,162.85000610351562,162.85000610351562,10166835
162.25,162.33999633789062,159.27999877929688,159.5800018310547,159.5800018310547,19677795
159.5800018310547,159.72999572753906,158.27999877929688,159.02999877929688,159.02999877929688,12145064
159.02999877929688,159.64999389648438,158.07000732421875,159.4499969482422,159.4499969482422,9686135
159.42999267578125,159.9199981689453,158.3300018310547,158.46499633789062,158.46499633789062,7515197
158.4600067138672,159.13999938964844,158.1699981689453,158.74000549316406,158.74000549316406,7827251
158.72999572753906,159.13999938964844,157.02499389648438,157.35000610351562,157.35000610351562,12238238
157.34500122070312,157.89999389648438,156.72000122070312,156.72000122070312,156.72000122070312,13557634
155.91000366210938,158.92930603027344,155.4600067138672,155.72000122070312,155.72000122070312,19473484
155.7100067138672,158.41000366210938,155.3800048828125,157.85000610351562,157.85000610351562,13309873
157.8699951171875,159.72000122070312,157.0,159.50999450683594,159.50999450683594,10062710
159.50999450683594,159.7899932861328,157.9810028076172,158.88999938964844,158.88999938964844,8178184
158.88999938964844,159.02999877929688,157.57000732421875,157.58999633789062,157.58999633789062,6846969
157.5800018310547,158.2100067138672,156.27000427246094,156.74000549316406,156.74000549316406,9146393
156.72999572753906,157.38999938964844,156.1699981689453,156.4600067138672,156.4600067138672,9728120
159.25,161.3238067626953,158.92999267578125,159.52499389648438,159.52499389648438,29712866
159.52000427246094,162.50999450683594,159.1300048828125,161.4149932861328,161.4149932861328,15373533
161.41990661621094,162.33999633789062,160.07000732421875,162.2801055908203,162.2801055908203,11878260
162.2899932861328,163.69000244140625,162.1300048828125,163.4600067138672,163.4600067138672,11496526
163.47500610351562,163.99000549316406,162.94000244140625,163.0930938720703,163.0930938720703,10624158
163.10000610351562,164.51499938964844,162.8800048828125,163.9199981689453,163.9199981689453,12389175
163.92999267578125,164.1199951171875,162.5500030517578,164.05499267578125,164.05499267578125,13223821
161.83999633789062,166.1999969482422,160.7899932861328,163.1199951171875,163.1199951171875,37282362
163.1300048828125,163.38999938964844,161.14999389648438,162.00999450683594,162.00999450683594,14243909
162.00149536132812,162.57080078125,160.31329345703125,160.3907928466797,160.3907928466797,10425591
160.38999938964844,160.72000122070312,159.58999633789062,160.10000610351562,160.10000610351562,9925128
160.10499572753906,160.7299041748047,159.60000610351562,159.97000122070312,159.97000122070312,8618515
159.9600067138672,160.1649932861328,158.7100067138672,158.75,158.75,12979685
158.74000549316406,159.22500610351562,157.25,157.64999389648438,157.64999389648438,17185837
145.3800048828125,145.3800048828125,145.3800048828125,145.3800048828125,145.3800048828125,0
